cube:
center:3.37908 -19.5007 3.3684
lenth1.34541
v 5.78295 -9.4879 4.71908 0.1
v 3.11502 -9.02707 2.84646 0.1
v 3.79009 -7.14469 3.71258 0.1
v 5.30747 -7.16788 3.54228 0.1
v 4.39741 -7.47246 2.61391 0.1
v 2.36549 -7.63298 1.82226 0.1
v 5.49791 -7.44743 4.37544 0.1
v 3.98236 -7.24845 5.3795 0.1
v 2.46132 -7.98761 4.15754 0.1
v 2.15491 -8.58577 4.7203 0.1
v 1.03977 -8.29096 4.13129 0.1
v 5.95141 -8.58577 4.98886 0.1
v 3.03934 -8.94833 -0.362255 0.1
v 1.42491 -8.88607 0.548418 0.1
v 5.01267 -9.92492 -0.867641 0.1
v 7.37663 -9.12351 3.03629 0.1
v 6.52089 -9.54344 5.63768 0.1
v 4.86435 -9.05393 7.25761 0.1
v 2.7427 -9.45494 6.88833 0.1
v 7.37358 -9.37864 5.55467 0.1
v 0.907315 -8.034 0.879849 0.1
v 3.34391 -9.588 -1.2888 0.1
v -0.68453 -8.92026 1.40049 0.1
v -0.335398 -9.04782 5.26597 0.1
v -0.17304 -9.88464 6.38295 0.1
v 7.63482 -9.21079 6.36464 0.1
v 4.37788 -7.50725 6.36341 0.1
v 3.74859 -9.45128 -1.76794 0.1
v 1.15818 -9.78759 -1.52501 0.1
v 0.191351 -7.92718 1.08798 0.1
v 0.18891 -9.73449 7.70135 0.1
v -1.02756 -9.9646 7.62078 0.1
v -1.66662 -9.21751 5.22752 0.1
v 6.50319 -7.33634 4.21125 0.1
v 6.51967 -8.12922 -0.174871 0.1
v 6.36647 -9.06186 -1.54576 0.1
v 5.64196 -8.39778 -1.1655 0.1
v 3.51482 -8.64315 -2.10303 0.1
v -1.24546 -8.11213 2.50343 0.1
v 8.46919 -8.20307 2.99112 0.1
v 6.55507 -7.66106 0.737022 0.1
v 8.81954 -9.85656 7.8045 0.1
v 5.7683 -9.04599 8.97519 0.1
v 6.19556 -9.00082 -2.22755 0.1
v -2.9783 -9.84741 -0.209662 0.1
v 0.330515 -7.28446 4.78927 0.1
v 2.15369 -8.85922 -2.95755 0.1
v 2.32521 -9.95544 -4.3376 0.1
v -1.64159 -9.91455 -2.33985 0.1
v -1.44383 -8.67672 7.10379 0.1
v -1.59276 -9.05454 7.7459 0.1
v 0.903653 -8.18659 -1.66967 0.1
v 2.7842 -8.8818 -3.40312 0.1
v 3.16874 -8.97641 -3.49162 0.1
v 0.015565 -30.264 0.004885 0
v 7.21915 -7.74773 0.439161 0.1
v 8.84518 -9.59166 8.87936 0.1
v 2.3838 -8.81527 9.90478 0.1
v 1.25706 -8.93063 9.94568 0.1
v -3.53069 -9.02097 4.49202 0.1
